CS-275B,0.25,0.75,0,0,0,0.5,0.5,0,0,0,0.5,0.5,0,0,0,0.25,0.75,0,0,0
CS-254B,0.4286,0.3571,0.2143,0,0,0.7143,0.1429,0.1429,0,0,0.9286,0.0714,0,0,0,0.5,0.3571,0.1429,0,0
CS-372,0.2857,0.4286,0.2857,0,0,0.2857,0.4286,0.2857,0,0,0.2857,0.4286,0.2857,0,0,0,0.6667,0.3333,0,0
CS-349D,0.3529,0.5882,0.0588,0,0,0.4667,0.4,0.1333,0,0,0.5,0.5,0,0,0,0.3750,0.5,0.0625,0.0625,0
CS-155,0.3963,0.4024,0.1707,0.0244,0.0061,0.5686,0.3072,0.1111,0.0131,0,0.6536,0.2941,0.0523,0,0,0.3624,0.3893,0.2148,0.0134,0.0201
CS-336,0.1875,0.4375,0.3750,0,0,0.3750,0.3125,0.25,0.0625,0,0.1250,0.4375,0.3750,0.0625,0,0.0625,0.25,0.6250,0,0.0625
CS-254,0.5952,0.2143,0.1667,0,0.0238,0.7592,0.1282,0.1026,0,0,0.9487,0.0256,0.0256,0,0,0.6579,0.3158,0.0263,0,0
CS-343D,0.7692,0.2308,0,0,0,0.8571,0.1429,0,0,0,0.8571,0.1429,0,0,0,0.7143,0.2857,0,0,0
CS-348C,0.5217,0.3478,0.0870,0.0435,0,0.65,0.25,0.05,0.05,0,0.7619,0.1429,0.0952,0,0,0.3684,0.4737,0.1579,0,0
CS-278,0.5726,0.2991,0.1111,0.0171,0,0.6058,0.2981,0.0673,0.0288,0,0.8286,0.1524,0.0095,0.0095,0,0.6162,0.2828,0.0808,0.0202,0
CS-325B,0.5,0.5,0,0,0,0.8182,0.1818,0,0,0,0.6667,0.3333,0,0,0,0.3333,0.5,0.1111,0.0556,0
CS-261,0.1458,0.4167,0.3333,0.0625,0.0417,0.3191,0.4894,0.1489,0.0213,0.0213,0.2979,0.4681,0.1702,0.0213,0.0426,0.3913,0.4348,0.1522,0.0217,0
CS-247A,0.3529,0.4118,0.1765,0.0588,0,0.4375,0.3125,0.1875,0.0625,0,0.6250,0.1875,0.1875,0,0,0.3750,0.4375,0.1250,0.0625,0
CS-522,0.2710,0.4129,0.2710,0.0323,0.0129,0.1753,0.2987,0.4481,0.0649,0.0130,0.2792,0.4870,0.2143,0.0130,0.0065,0.1842,0.3355,0.3750,0.0921,0.0132
CS-448B,0.1739,0.4348,0.3261,0.0217,0.0435,0.2444,0.3333,0.3333,0.0667,0.0222,0.2273,0.4545,0.2273,0.0455,0.0455,0.1364,0.4773,0.3182,0.0455,0.0227
CS-269I,0.4222,0.4778,0.0778,0.0111,0.0111,0.4884,0.4186,0.0698,0.0116,0.0116,0.8046,0.1839,0.0115,0,0,0.2299,0.4943,0.2529,0.0115,0.0115
CS-328,0.3333,0.1667,0.4167,0.0833,0,0.3333,0.3333,0.25,0.0833,0,0.5,0.3333,0.1667,0,0,0.3333,0.1667,0.3333,0.1667,0
CS-240,0.3137,0.4314,0.2157,0.0392,0,0.4286,0.4694,0.1020,0,0,0.4,0.44,0.16,0,0,0.1242,0.2245,0.4082,0.2245,0.0204
CS-377G,0.6667,0.2381,0.0952,0,0,0.5556,0.3889,0.0556,0,0,0.5789,0.3158,0.1053,0,0,0.1053,0.3158,0.5789,0,0
CS-243,0.1750,0.3750,0.3750,0.0750,0,0.2895,0.4737,0.1842,0.0526,0,0.1053,0.4474,0.2895,0.1579,0,0.1569,0.3684,0.3947,0.0789,0
CS-356,0.5769,0.3077,0.1154,0,0,0.7083,0.2083,0.0833,0,0,0.7083,0.25,0.0417,0,0,0.5,0.4091,0.0909,0,0
CS-129,0.4,0.3333,0.1667,0.0667,0.0333,0.2,0.2,0.2,0.2,0.2,0.2,0.2,0.2,0.2,0.2,0.2,0.2,0.2,0.2,0.2
CS-327A,0.2381,0.5714,0.1905,0,0,0.4286,0.5714,0,0,0,0.35,0.35,0.2,0.1,0,0.0952,0.4762,0.2857,0.0952,0.0476
CS-240LX,0.4667,0.4667,0.0667,0,0,0.7857,0.1429,0,0.0714,0,0.7143,0.1429,0.1429,0,0,0.1429,0.3571,0.4286,0.0714,0
CS-103,0.2650,0.3912,0.2744,0.0505,0.0189,0.4077,0.3659,0.2021,0.0244,0,0.3993,0.3785,0.1736,0.0417,0.0069,0.3759,0.4362,0.1667,0.0213,0
CS-247S,0.4615,0.5385,0,0,0,0.5385,0.3077,0.1538,0,0,0.8462,0.1538,0,0,0,0.3846,0.5385,0.0769,0,0
CS-248B,0.35,0.4250,0.15,0.05,0.0250,0.4872,0.3333,0.1538,0.0256,0,0.4359,0.3333,0.2308,0,0,0.2105,0.3947,0.2895,0.1053,0
CS-528,0.2727,0.3636,0.2273,0.1364,0,0.1429,0.4286,0.3333,0.0952,0,0.3333,0.5714,0.0952,0,0,0.2857,0.5714,0.1429,0,0
CS-106S,0.3750,0.3750,0.25,0,0,0.2917,0.3750,0.2917,0.0417,0,0.5,0.3333,0.1667,0,0,0.4783,0.3913,0.1304,0,0
CS-263,0.4545,0.2727,0.1818,0,0.0909,0.8182,0.1818,0,0,0,0.6364,0.1818,0.1818,0,0,0.5455,0.2727,0.1818,0,0
CS-124,0.3744,0.4714,0.1189,0.0220,0.0132,0.4773,0.3818,0.1091,0.0273,0.0045,0.5982,0.2877,0.0959,0.0137,0.0046,0.4880,0.3301,0.1388,0.0335,0.0096
CS-347,0.3939,0.4697,0.1364,0,0,0.5238,0.3651,0.1111,0,0,0.75,0.2344,0.0156,0,0,0.4219,0.4531,0.1054,0.0156,0
CS-131,0.1683,0.3267,0.3960,0.0792,0.0297,0.2143,0.3980,0.3265,0.0510,0.0102,0.1429,0.5306,0.2653,0.0408,0.0204,0.1020,0.4490,0.3469,0.0918,0.0102
CS-257,0.3636,0.4091,0.1818,0,0.0455,0.5455,0.3636,0.0455,0.0455,0,0.3810,0.5238,0.0476,0,0.0476,0.15,0.65,0.15,0.05,0
CS-106M,0.2778,0.5556,0.1111,0.0556,0,0.2,0.4286,0.2857,0.0857,0,0.5714,0.2857,0.1429,0,0,0.0857,0.5714,0.3143,0.0286,0
CS-22A,0.3817,0.3969,0.2061,0,0.0153,0.3435,0.2977,0.3053,0.0458,0.0076,0.5462,0.3846,0.0692,0,0,0.4683,0.4286,0.0952,0.0079,0
CS-47,0.4091,0.3409,0.2273,0.0227,0,0.5610,0.3415,0.0732,0.0244,0,0.4634,0.4878,0.0488,0,0,0.3590,0.4615,0.1538,0.0256,0
CS-228,0.2735,0.4188,0.2650,0.0342,0.0085,0.4775,0.3243,0.1622,0.0360,0,0.4107,0.4554,0.1161,0.0179,0,0.2920,0.5221,0.1593,0.0255,0
CS-194H,0.2857,0.5,0.2143,0,0,0.2143,0.4286,0.3571,0,0,0.3571,0.4286,0.1429,0.0714,0,0.3077,0.3077,0.3077,0.0769,0
CS-229,0.2166,0.4004,0.2998,0.0638,0.0193,0.4045,0.3511,0.1871,0.0454,0.0019,0.3492,0.4084,0.2004,0.0267,0.0153,0.2316,0.5104,0.2034,0.0395,0.0151
CS-7,0.5316,0.3684,0.0895,0,0.0105,0.4746,0.3583,0.1469,0.0226,0.0056,0.7557,0.2045,0.0284,0.0114,0,0.6071,0.3452,0.0417,0.0060,0
CS-231A,0.2844,0.3853,0.2569,0.0550,0.0183,0.3611,0.3769,0.2130,0.0463,0,0.3333,0.4259,0.1667,0.0741,0,0.2222,0.4815,0.2130,0.0833,0
CS-210B,0.5278,0.3889,0.0833,0,0,0.5517,0.2759,0.1724,0,0,0.6207,0.3448,0.0345,0,0,0.5,0.2857,0.2143,0,0
CS-300,0.3377,0.3766,0.2338,0.0390,0.0130,0.2597,0.3247,0.3506,0.0649,0,0.4156,0.4156,0.1429,0.0260,0,0.2105,0.3816,0.3289,0.0658,0.0132
CS-173A,0.0526,0.5263,0.3684,0.0526,0,0.3158,0.3158,0.2632,0.1053,0,0.3158,0.2105,0.2632,0.2105,0,0.1053,0.2632,0.1579,0.3158,0.1579
CS-348K,0.7222,0.1111,0.1667,0,0,0.5882,0.2353,0.1765,0,0,0.7647,0.1765,0.0588,0,0,0.5882,0.2941,0.0588,0.0588,0
CS-106A,0.5423,0.2711,0.1303,0.0370,0.0194,0.5926,0.2787,0.1005,0.0282,0,0.6744,0.2313,0.0836,0.0108,0,0.5453,0.3748,0.0693,0.0107,0
CS-529,0.4118,0.3782,0.1849,0.0168,0.0084,0.2544,0.3947,0.3246,0.0263,0,0.5088,0.3684,0.1053,0.0175,0,0.4220,0.4495,0.1193,0.0092,0
CS-206,0.2174,0.3913,0.3478,0,0.0435,0.1364,0.2727,0.5,0.0909,0,0.0909,0.3636,0.4545,0.0909,0,0.1429,0.1905,0.6190,0.0476,0
CS-255,0.4096,0.4458,0.1386,0.0060,0.0060,0.6111,0.3210,0.0617,0.0062,0,0.7099,0.2716,0.0185,0,0,0.4596,0.4161,0.0932,0.0311,0
CS-498C,0.5,0.3571,0.0714,0.0714,0,0.7143,0.2143,0.0714,0,0,0.6429,0.3571,0,0,0,0.5,0.2857,0.2143,0,0
CS-153,0.3273,0.3273,0.2545,0.0727,0.0182,0.25,0.3269,0.3269,0.0769,0.0192,0.3333,0.3333,0.2353,0.0588,0.0392,0.1,0.16,0.36,0.26,0.12
CS-177,0.1837,0.3061,0.3878,0.1224,0,0.2381,0.3095,0.3095,0.1429,0,0.3810,0.4048,0.2143,0,0,0.0475,0.3095,0.3810,0.2619,0
CS-152,0.4198,0.3664,0.1908,0.0229,0,0.4865,0.3243,0.1712,0.0180,0,0.6216,0.2973,0.0541,0.0180,0.0090,0.4273,0.3818,0.1727,0.0182,0
CS-148,0.3465,0.3860,0.2401,0.0243,0.0030,0.3849,0.3553,0.2270,0.0296,0.0033,0.4756,0.3876,0.1238,0.0098,0.0033,0.4422,0.4082,0.1429,0.0034,0.0034
CS-422,0.5556,0.3333,0.1111,0,0,0.4444,0.4444,0.1111,0,0,0.6667,0.3333,0,0,0,0.3333,0.4444,0.2222,0,0
CS-143,0.3671,0.4430,0.1772,0.0172,0,0.5063,0.3671,0.0886,0.0380,0,0.5190,0.3418,0.1139,0.0253,0,0.4487,0.3590,0.1795,0.0128,0
CS-224S,0.0732,0.5122,0.2927,0.0976,0.0244,0.1429,0.4286,0.2286,0.1714,0.0286,0.2353,0.4118,0.2647,0.0882,0,0.1143,0.2286,0.4,0.2,0.0571
CS-197,0.36,0.48,0.16,0,0,0.333,0.50,0.1667,0,0,0.7917,0.2083,0,0,0,0.3333,0.4583,0.1250,0.0833,0
CS-194,0.3939,0.3636,0.1515,0.0606,0.0303,0.2581,0.3226,0.2903,0.0968,0.0323,0.3750,0.2813,0.1563,0.1563,0.0313,0.25,0.3438,0.25,0.0938,0.0625
CS-281,0.4118,0.4706,0.0588,0,0.0588,0.4667,0.3333,0.2,0,0,0.6667,0.2667,0.0667,0,0,0.4,0.4667,0.0667,0.0667,0
CS-29N,0.7692,0.2308,0,0,0,0.6923,0.3077,0,0,0,1,0,0,0,0,0.9231,0.0769,0,0,0
CS-197C,0.25,0.25,0.3750,0.1250,0,0.1250,0.25,0.5,0,0.1250,0.25,0.5,0.25,0,0,0.1250,0.3750,0.25,0.25,0
CS-273C,0.5588,0.3824,0.0294,0.0294,0,0.5,0.3125,0.1563,0.0313,0,0.6875,0.2188,0.0938,0,0,0.7333,0.2,0.0667,0,0
CS-83N,0.4444,0.5556,0,0,0,0.5,0.5,0,0,0,0.6667,0.3333,0,0,0,0.3333,0.3333,0.3333,0,0
CS-259Q,0.4545,0.3939,0.0606,0.0909,0,0.5806,0.3548,0.0323,0.0323,0,0.6774,0.2581,0.0323,0.0323,0,0.4138,0.4828,0.0690,0,0.0345
CS-198B,0.8750,0.1250,0,0,0,0.6250,0.25,0,0.1250,0,0.8750,0.1250,0,0,0,0.5,0.5,0,0,0
CS-237A,0.1626,0.3496,0.3821,0.0650,0.0407,0.2308,0.3504,0.3419,0.0513,0.0256,0.1538,0.3761,0.3162,0.1026,0.0513,0.0957,0.3913,0.3739,0.0957,0.0435
CS-224V,0.3636,0.4545,0.1364,0,0.0455,0.3158,0.4737,0.1579,0.0526,0,0.3684,0.4211,0.1579,0.0526,0,0.3158,0.2632,0.2105,0.1579,0.0526
CS-275A,0.6667,0.3333,0,0,0,0.6667,0.2222,0.1111,0,0,0.7778,0.2222,0,0,0,0.7778,0.2222,0,0,0
CS-279,0.2947,0.4526,0.1895,0.0632,0,0.2526,0.3895,0.2947,0.0632,0,0.3299,0.4536,0.1649,0.0412,0.0103,0.3298,0.4043,0.2447,0.0213,0
CS-212,0.1296,0.4630,0.3519,0.0556,0,0.5,0.3269,0.1731,0,0,0.1923,0.3269,0.3269,0.1154,0.0385,0.22,0.42,0.26,0.1,0
CS-225A,0.2857,0.3214,0.3929,0,0,0.2222,0.3704,0.3704,0.0370,0,0.2593,0.4074,0.2963,0.0370,0,0.0833,0.3750,0.3750,0.1250,0.0417
CS-235,0.2609,0.4783,0.2391,0.0217,0,0.3556,0.4,0.2444,0,0,0.3556,0.4444,0.2,0,0,0.2326,0.5814,0.1860,0,0
CS-205L,0.3559,0.4661,0.1271,0.0339,0.0169,0.3889,0.3889,0.1759,0.0463,0,0.4907,0.4352,0.0370,0.0370,0,0.4519,0.4327,0.0865,0.0288,0
CS-147,0.2353,0.4958,0.2017,0.0420,0.0252,0.3304,0.4087,0.2,0.0609,0,0.2435,0.4261,0.2522,0.0435,0.0348,0.2105,0.4386,0.2719,0.0789,0
CS-476A,0.6667,0.2857,0.0475,0,0,0.8095,0.0952,0.0952,0,0,0.7143,0.1905,0.0476,0.0476,0,0.3182,0.6364,0.0455,0,0
CS-349H,0.25,0.5625,0.1875,0,0,0.5,0.3125,0.1875,0,0,0.6875,0.3125,0,0,0,0.4375,0.3750,0.1875,0,0
CS-432,0.3,0.5,0.2,0,0,0.3636,0.5455,0.0909,0,0,0.2727,0.6364,0.0909,0,0,0.0909,0.6364,0.2727,0,0
CS-190,0.8333,0.1667,0,0,0,0.8824,0.1176,0,0,0,0.9412,0.0588,0,0,0,0.7647,0.2353,0,0,0
CS-107E,0.7297,0.2162,0.0541,0,0,0.8649,0.1351,0,0,0,0.7838,0.2162,0,0,0,0.4865,0.4595,0.0541,0,0
CS-355,0.4,0.44,0.16,0,0,0.7826,0.1304,0.0870,0,0,0.5217,0.4348,0,0.0435,0,0.5,0.4583,0,0.0417,0
CS-227B,0.1376,0.2661,0.3486,0.1743,0.0734,0.1429,0.2571,0.3619,0.2190,0.0190,0.0577,0.3558,0.2788,0.2115,0.0962,0.0313,0.3125,0.3125,0.2604,0.0833
CS-377Q,0.4762,0.4286,0.0952,0,0,0.5,0.3,0.2,0,0,0.5714,0.2857,0.1429,0,0,0.3636,0.5,0.0909,0.0455,0
CS-224C,0.6667,0.1905,0.1429,0,0,0.65,0.2,0.15,0,0,0.6,0.3,0.1,0,0,0.2632,0.5263,0.2105,0,0
CS-224W,0.3606,0.4663,0.1587,0.0096,0.0048,0.5372,0.3298,0.1223,0.0106,0,0.5851,0.3298,0.0745,0.0053,0.0053,0.3911,0.4693,0.1117,0.0279,0
CS-329T,0.12,0.32,0.40,0.08,0.08,0.1739,0.3043,0.3043,0.1739,0.0435,0.1304,0.2609,0.3478,0.2174,0.0435,0.0417,0.1667,0.1250,0.1667,0.5
CS-106E,0.4923,0.3562,0.137,0,0.0137,0.2,0.2,0.2,0.2,0.2,0.2,0.2,0.2,0.2,0.2,0.2,0.2,0.2,0.2,0.2
CS-361,0.3281,0.5078,0.1406,0.0156,0.0078,0.4344,0.3934,0.1475,0.0246,0,0.6341,0.2846,0.0813,0,0,0.65,0.3167,0.0333,0,0
CS-256,0.3571,0.3810,0.2381,0.0238,0,0.4878,0.2439,0.2439,0.0244,0,0.55,0.3250,0.0750,0.05,0,0.3171,0.4390,0.2195,0.0244,0
CS-295,0.5,0.5,0,0,0,0.8,0.2,0,0,0,0.6,0.4,0,0,0,0.2,0.4,0.4,0,0
CS-247G,0.4286,0.3636,0.1818,0.0260,0,0.4247,0.3288,0.2192,0.0274,0,0.4923,0.4110,0.0959,0,0,0.0870,0.4493,0.3623,0.0725,0.0290
CS-221,0.2099,0.4198,0.3210,0.0329,0.0165,0.3030,0.4719,0.1948,0.0303,0,0.4286,0.4069,0.1342,0.0216,0.0087,0.3886,0.4803,0.1266,0.0044,0
CS-161,0.4330,0.3966,0.1398,0.0211,0.0096,0.5439,0.3448,0.0835,0.0257,0.0021,0.7548,0.1962,0.0448,0.0021,0.0021,0.6236,0.3363,0.0290,0.0089,0.0022
CS-248A,0.3469,0.3265,0.2653,0.0408,0.0204,0.4894,0.3191,0.1489,0.0426,0,0.5870,0.2609,0.1087,0.0217,0.0217,0.5111,0.2667,0.1556,0.0222,0.0444
CS-151,0.1633,0.3061,0.3878,0.0612,0.0816,0.1628,0.3953,0.2558,0.1628,0.0233,0.1429,0.4524,0.2619,0.1429,0,0.15,0.4,0.3250,0.0750,0.05
CS-498D,0.4167,0.5,0.0833,0,0,0.3333,0.4167,0.25,0,0,0.7083,0.25,0.0417,0,0,0.5833,0.2917,0.1250,0,0
CS-309A,0.5161,0.2903,0.1532,0.0161,0.0242,0.4034,0.2605,0.2773,0.0420,0.0168,0.5932,0.3051,0.1017,0,0,0.4386,0.4561,0.0877,0.0088,0.0088
CS-52,0.3810,0.1905,0.3333,0.0952,0,0.3158,0.3158,0.2632,0.1053,0,0.3684,0.1579,0.4211,0.0526,0,0.1250,0.25,0.4375,0.1250,0.0625
CS-210A,0.4333,0.30,0.2,0.0667,0,0.4688,0.1875,0.25,0.0938,0,0.5625,0.1875,0.2188,0.0313,0,0.3793,0.3103,0.2069,0.0345,0.0690
CS-49N,0,0.5714,0.4286,0,0,0.3333,0.3333,0.3333,0,0,0.1429,0.1429,0.4286,0.2857,0,0.1667,0,0.3333,0.5,0
CS-224N,0.3159,0.4516,0.1822,0.0407,0.0097,0.4367,0.3840,0.1392,0.0359,0.0042,0.5126,0.3782,0.0789,0.0252,0.0042,0.3289,0.5089,0.1289,0.0267,0.0067
CS-273B,0.0769,0.4103,0.3333,0.1026,0.0769,0.1795,0.4103,0.2821,0.1282,0,0.1026,0.4103,0.2308,0.2051,0.0513,0.0256,0.2821,0.5128,0.1026,0.0769
CS-298,0.8333,0.0833,0.0833,0,0,0.8333,0.0833,0.0833,0,0,0.9167,0,0.0833,0,0,0.8333,0.0833,0.0833,0,0
CS-233,0.2963,0.2963,0.2963,0.1111,0,0.4444,0.3333,0.0741,0.1481,0,0.2593,0.3704,0.1852,0.1481,0.0370,0.1852,0.2963,0.2593,0.2222,0.0370
CS-348I,0.25,0.45,0.25,0.05,0,0.45,0.45,0.1,0,0,0.65,0.35,0,0,0,0.2,0.7,0.1,0,0
CS-366,0.5556,0.2222,0.1111,0.1111,0,0.6667,0,0.1667,0.1667,0,0.6667,0.1667,0,0.1667,0,0.3333,0,0.3333,0.3333,0
CS-270,0.2609,0.4130,0.2826,0.0217,0.0217,0.2791,0.3721,0.2558,0.0930,0,0.3953,0.5581,0.0233,0.0233,0,0.2326,0.4419,0.2558,0.0698,0
CS-224R,0.2385,0.3077,0.3846,0.0615,0.0077,0.3252,0.3577,0.2764,0.0325,0.0081,0.4262,0.4016,0.1557,0.0164,0,0.2288,0.3559,0.3644,0.0339,0.0169
CS-275,0.2034,0.4915,0.2712,0.0339,0,0.2105,0.3509,0.3333,0.1053,0,0.1579,0.4386,0.3333,0.0702,0,0.1481,0.1852,0.4815,0.1667,0.0185
CS-242,0.4744,0.2692,0.1795,0.0641,0.0128,0.5733,0.2,0.1733,0.04,0.0133,0.64,0.2267,0.08,0.04,0.0133,0.2857,0.4026,0.2857,0,0.0260
CS-154,0.2208,0.4416,0.2208,0.1039,0.0130,0.4231,0.3462,0.1667,0.0641,0,0.2532,0.5443,0.1519,0.0506,0,0.0789,0.6184,0.2632,0.0395,0
CS-375,0,0.1429,0.2857,0.4286,0.1429,0,0.2667,0.3333,0.3333,0.0667,0.0667,0.2,0.5333,0.1333,0.0667,0.0667,0.0667,0.4,0.3333,0.1333
CS-369O,0.4583,0.2917,0.1667,0.0833,0,0.7083,0.2083,0.0417,0.0417,0,0.7083,0.2083,0.0417,0.0417,0,0.6250,0.25,0.1250,0,0
CS-272,0.6786,0.2857,0.0357,0,0,0.5556,0.3704,0.0741,0,0,0.7037,0.2963,0,0,0,0.4815,0.4444,0.0741,0,0
CS-239,0.4615,0.4615,0.0769,0,0,0.5517,0.3103,0.1034,0.0345,0,0.5517,0.3448,0.1034,0,0,0.5862,0.3793,0.0345,0,0
CS-112,0.2316,0.4421,0.2526,0.0211,0.0526,0.5172,0.3448,0.0690,0.0345,0.0345,0.2093,0.4186,0.2791,0.0465,0.0465,0.1325,0.5422,0.2410,0.0482,0.0361
CS-326,0.25,0.5625,0.1250,0.0625,0,0.5625,0.3125,0.0625,0.0625,0,0.3125,0.5,0.1875,0,0,0.3750,0.4375,0.1857,0,0
CS-237B,0.3111,0.5333,0.1333,0.0222,0,0.2955,0.5,0.2045,0,0,0.3953,0.5116,0.0930,0,0,0.2857,0.5239,0.1429,0.0476,0
CS-168,0.3350,0.4213,0.2386,0.0051,0,0.3793,0.3621,0.2241,0.0245,0,0.4535,0.4244,0.1047,0.0058,0.0116,0.3494,0.4819,0.1386,0.0241,0.0060
CS-244B,0.2034,0.4237,0.3220,0.0339,0.0169,0.2037,0.4630,0.2778,0.0556,0,0.2642,0.5660,0.1509,0.0189,0,0.1373,0.4902,0.3137,0.0588,0
CS-24,0.3188,0.4279,0.2271,0.0175,0.0087,0.3717,0.3230,0.2212,0.0796,0.0044,0.3833,0.4361,0.1454,0.0308,0.0044,0.4864,0.3636,0.1455,0.0045,0
CS-157,0.2956,0.3498,0.2266,0.0690,0.0591,0.2299,0.3690,0.2781,0.1123,0.0107,0.2903,0.3710,0.2688,0.0538,0.0161,0.3389,0.4333,0.1944,0.0333,0
CS-470,0.5263,0.2632,0.2105,0,0,0.6111,0.2778,0.1111,0,0,0.7778,0.1667,0.0556,0,0,0.2222,0.2222,0.3889,0.1667,0
CS-44N,0.3333,0.4,0.2667,0,0,0.25,0.6250,0.1250,0,0,0.3750,0.5,0.1250,0,0,0.1250,0.6250,0.1875,0.0625,0
CS-230,0.3035,0.4591,0.1984,0.0350,0.0039,0.4315,0.3710,0.1613,0.0363,0,0.3976,0.3936,0.1486,0.0402,0.0201,0.3614,0.4257,0.1406,0.0643,0.0080
CS-265,0.3293,0.3049,0.3171,0.0488,0,0.5556,0.2593,0.1852,0,0,0.8,0.1375,0.0625,0,0,0.6076,0.3544,0.0380,0,0
CS-229M,0.25,0.3636,0.3182,0.0455,0.0227,0.3488,0.3953,0.2093,0.0465,0,0.3721,0.3953,0.2326,0,0,0.3721,0.3488,0.2791,0,0
CS-109,0.5524,0.2921,0.1429,0.0127,0,0.6039,0.3052,0.0747,0.0162,0,0.7540,0.2104,0.0324,0.0032,0,0.6250,0.3322,0.0329,0.0066,0.0033
CS-145,0.1481,0.4741,0.2926,0.0667,0.0185,0.1911,0.5041,0.2236,0.0772,0.0041,0.2056,0.4355,0.2339,0.0968,0.0282,0.1687,0.3539,0.3086,0.1235,0.0435
CS-377U,0.3846,0.3462,0.2692,0,0,0.28,0.48,0.16,0.08,0,0.48,0.20,0.28,0.04,0,0.3182,0.1818,0.3636,0.1364,0
CS-181W,0.2344,0.4844,0.1563,0.0983,0.0313,0.3333,0.3968,0.1429,0.1111,0.0159,0.4862,0.3651,0.0952,0.0476,0.0159,0.1452,0.3548,0.2742,0.1613,0.0645
CS-251,0.4229,0.4030,0.1642,0.0100,0,0.65,0.2667,0.0722,0.0111,0,0.7198,0.2363,0.0385,0.0055,0,0.4972,0.3729,0.1130,0.0113,0.0056
CS-246,0.1917,0.4819,0.2902,0.0259,0.0104,0.2946,0.4643,0.2009,0.0402,0,0.2133,0.4222,0.2622,0.0889,0.0133,0.2740,0.5297,0.1735,0.0228,0
CS-106AX,0.6098,0.3415,0.0488,0,0,0.7750,0.2,0.0250,0,0,0.7949,0.2051,0,0,0,0.5897,0.3846,0.0256,0,0
CS-339R,0.0769,0.3077,0.6154,0,0,0.1538,0.3846,0.4615,0,0,0.3846,0.3846,0.2308,0,0,0.1538,0.2308,0.5385,0.0769,0
CS-108,0.2936,0.4404,0.2477,0.0183,0,0.3429,0.3905,0.2286,0.0286,0.0095,0.3333,0.4762,0.1429,0.0381,0.0095,0.2212,0.5962,0.1250,0.0481,0.0096
CS-238,0.4135,0.4252,0.1349,0.0235,0.0029,0.4593,0.3909,0.1303,0.0195,0,0.6396,0.3084,0.0487,0.0032,0,0.6296,0.3333,0.0370,0,0
CS-223A,0.25,0.5,0.2174,0.0109,0.0217,0.2955,0.4545,0.2386,0.0114,0,0.2159,0.4205,0.2955,0.0682,0,0.1839,0.6322,0.1494,0.0345,0
CS-111,0.5957,0.3478,0.0565,0,0,0.6960,0.2731,0.0308,0,0,0.8761,0.1106,0.0133,0,0,0.7040,0.2556,0.0404,0,0
CS-241,0.3077,0.3077,0.3077,0.0769,0,0.2308,0.3846,0.3846,0,0,0.3846,0.3846,0.2308,0,0,0,0.6154,0.3846,0,0
CS-181,0.2771,0.3614,0.2289,0.1084,0.0241,0.3537,0.3659,0.1707,0.0976,0.0122,0.5610,0.2683,0.0610,0.1098,0,0.2963,0.2222,0.3210,0.0864,0.0741
CS-144,0.4271,0.4824,0.0854,0.0050,0,0.6033,0.2935,0.0870,0.0163,0,0.6452,0.2742,0.0806,0,0,0.3389,0.3389,0.2556,0.0556,0.0111
CS-448I,0.4857,0.4857,0.0268,0,0,0.5429,0.3429,0.1143,0,0,0.5429,0.4286,0.0286,0,0,0.5,0.3824,0.0882,0.0294,0
CS-330,0.3725,0.4641,0.1373,0.0261,0,0.4894,0.3546,0.1206,0.0355,0,0.6667,0.2908,0.0426,0,0,0.4191,0.4632,0.1176,0,0
CS-247B,0.3582,0.3881,0.2388,0.0149,0,0.3279,0.3443,0.2787,0.0492,0,0.3871,0.4516,0.1452,0.0161,0,0.1333,0.35,0.4167,0.1,0
CS-140E,0.2927,0.3415,0.3415,0.0244,0,0.55,0.3250,0.1250,0,0,0.2750,0.55,0.1250,0.05,0,0.1053,0.1053,0.3684,0.3421,0.0789
CS-329M,0.4667,0.4667,0.0667,0,0,0.6429,0.2857,0.0714,0,0,0.8571,0.1429,0,0,0,0.4286,0.5,0.0714,0,0
CS-149,0.4956,0.4071,0.0973,0,0,0.6972,0.2661,0.0275,0.0092,0,0.6972,0.2661,0.0275,0.0092,0,0.5138,0.4037,0.0826,0,0
CS-547,0.3922,0.4314,0.1667,0.0098,0,0.2525,0.5051,0.2121,0.0202,0.0101,0.4646,0.4545,0.0707,0.0101,0,0.5464,0.3711,0.0825,0,0
CS-249I,0.7083,0.2917,0,0,0,0.7391,0.2609,0,0,0,0.8696,0.1304,0,0,0,0.4783,0.5217,0,0,0
CS-342,0.3043,0.4348,0.2174,0.0435,0,0.5,0.3636,0.0909,0.0455,0,0.5909,0.2727,0.0909,0.0455,0,0.2857,0.4762,0.2381,0,0
CS-106L,0.4638,0.3333,0.1449,0.0435,0.0145,0.4776,0.2836,0.2090,0.0149,0.0149,0.7538,0.2154,0.0308,0,0,0.4179,0.4328,0.1343,0.0149,0
CS-31N,0.30,0.5,0.2,0,0,0.5,0.4,0.1,0,0,0.7,0.2,0.1,0,0,0.6,0.3,0.1,0,0
CS-331,0.8,0.2,0,0,0,0.8,0.2,0,0,0,1,0,0,0,0,0.8,0.2,0,0,0
CS-106B,0.4432,0.3865,0.1354,0.0175,0.0175,0.5676,0.2838,0.1171,0.0293,0.0023,0.5721,0.3018,0.1036,0.0180,0.0045,0.6401,0.2779,0.0683,0.0114,0.0023
CS-202,0.4943,0.3218,0.1264,0.0575,0,0.4459,0.3108,0.2057,0.0405,0,0.7467,0.2133,0.0267,0.0133,0,0.5143,0.3571,0.1143,0.0143,0
CS-236,0.3397,0.4103,0.2051,0.0449,0,0.4379,0.3529,0.1765,0.0327,0,0.4702,0.4172,0.0927,0.0199,0,0.2781,0.4238,0.2252,0.0728,0
CS-198,0.7,0.3,0,0,0,0.5357,0.25,0.2143,0,0,0.6207,0.3448,0.0345,0,0,0.5357,0.3929,0.0714,0,0
CS-105,0.0921,0.3421,0.3026,0.1974,0.0658,0.3421,0.3947,0.1842,0.0789,0,0.25,0.4079,0.2632,0.0789,0,0.1184,0.5395,0.2368,0.1053,0
CS-170,0.2,0.2,0.2,0.2,0.2,0.6250,0.1250,0.25,0,0,0.6250,0.3750,0,0,0,0.1250,0.25,0.6250,0,0
CS-194W,0.2687,0.3433,0.3582,0.0149,0.0149,0.2143,0.3929,0.3214,0.0536,0.0179,0.1786,0.3571,0.3393,0.0893,0.0357,0.1731,0.2692,0.3269,0.1731,0.0577
CS-274,0.3265,0.4694,0.1633,0.0408,0,0.4490,0.3571,0.1633,0.0306,0,0.5816,0.3163,0.0816,0.0102,0.0102,0.2959,0.4694,0.1633,0.0408,0.0306
CS-193Q,0.3182,0.3636,0.1667,0.0758,0.0758,0.1667,0.3030,0.3182,0.1515,0.0606,0.3030,0.4242,0.1667,0.0758,0.0303,0.1148,0.2623,0.4098,0.1311,0.0820
CS-337,0.1429,0.4286,0.2857,0.1429,0,0.1429,0.4286,0.2857,0.1429,0,0,0.5714,0.4286,0,0,0,0.2857,0.1429,0.4289,0.1429
CS-107,0.4195,0.4345,0.1386,0.0075,0,0.72,0.2280,0.0520,0,0,0.6853,0.2749,0.0319,0.0080,0,0.5992,0.3603,0.0384,0,0.0040
CS-244,0.2034,0.4237,0.3220,0.0339,0.0169,0.2037,0.4630,0.2778,0.0556,0,0.2642,0.5660,0.1509,0.0189,0,0.1373,0.4902,0.3137,0.0588,0
