CS-275B,0
CS-254B,2,4,8,10
CS-372,3,2,4,5,7
CS-349D,10,8,4
CS-155,14
CS-336,2,3,4,8,10
CS-254,2,4,8
CS-343D,2,10,4
CS-348C,6,0
CS-278,4,10,8
CS-325B,3,8,12
CS-261,3,2,4
CS-247A,3,4,7
CS-522,3,5
CS-448B,8,10
CS-269I,12,10
CS-328,3,2,4
CS-240,9
CS-377G,10,21
CS-243,2,3,4,10
CS-356,14
CS-129,3,4
CS-327A,11,3,1
CS-240LX,1,9
CS-103,2,4
CS-247S,12,10
CS-248B,6,0
CS-528,3,4
CS-106S,12,10
CS-263,3,4,8,2
CS-124,9,3,4
CS-347,7,3,4
CS-131,6,3,4
CS-257,2,4
CS-106M,10,4
CS-22A,3,4,12
CS-47,10,0
CS-228,3,4,2
CS-194H,10,0
CS-229,2,3,4
CS-7,13
CS-231A,3,6,4
CS-210B,10
CS-300,13
CS-173A,5,4
CS-348K,3,4,6,11
CS-106A,4,10
CS-529,11,3
CS-206,13
CS-255,2,4,8
CS-498C,1,2,9
CS-153,14,10
CS-177,7,10,0
CS-152,12,10
CS-148,6,3,2
CS-422,2,3,4
CS-143,4,10
CS-224S,3,4,8
CS-197,1,2,3,4,5,6,7,8,9,10,11,12,14
CS-194,10
CS-281,3,12
CS-29N,2,3,4
CS-197C,1,2,3,4,5,6,7,8,9,10,11,12,14
CS-273C,4,5,9
CS-83N,0
CS-259Q,4,2
CS-198B,1,2,3,4,5,6,7,8,9,10,11,12,14
CS-237A,3,4,11
CS-224V,10,3
CS-275A,0
CS-279,5
CS-212,9,10
CS-225A,1,3,4,11
CS-235,5,2
CS-205L,2,3,4
CS-147,7,10
CS-476A,0,10
CS-349H,5,10,1,3,4
CS-432,12,4,3,10
CS-190,10
CS-107E,1,9
CS-355,2,4,8
CS-227B,2,4,3
CS-377Q,7,10,12
CS-224C,2,3,4,10,8
CS-224W,2,3,4
CS-329T,12,3,4
CS-106E,9,1,2
CS-361,2,3,4
CS-256,12,4
CS-295,10
CS-247G,10,0
CS-221,3,4
CS-161,4,2
CS-248A,6,2
CS-151,2
CS-498D,3,10
CS-309A,10,8
CS-52,12,10
CS-210A,10
CS-49N,9,1
CS-224N,3,4,8
CS-273B,3,4,5
CS-298,13
CS-233,2,3,4
CS-348I,6,3,4
CS-366,10,2,4
CS-270,6,4
CS-224R,3,4
CS-275,6,12,4
CS-242,10,4
CS-154,2,4
CS-375,5,3,4
CS-369O,3,2,4
CS-272,5,10
CS-239,4
CS-112,9,1
CS-326,11,3,4
CS-237B,11,3,4
CS-168,2,3,4
CS-244B,1,9
CS-24,2,12
CS-157,2,4
CS-470,0,3
CS-44N,6,4
CS-230,3,4
CS-265,2,3,4
CS-229M,2,3,4
CS-109,2,3,4
CS-145,9,1
CS-377U,10
CS-181W,12
CS-251,14,10,9
CS-246,8,3,4
CS-106AX,10,4
CS-339R,11,4
CS-108,10
CS-238,2,3,4
CS-223A,11,3,4
CS-111,9,1
CS-241,1
CS-181,12
CS-144,9,8
CS-448I,3,4
CS-330,3,4
CS-247B,8,4
CS-140E,1,9
CS-329M,10,4
CS-149,9,4,3
CS-547,7
CS-249I,9
CS-342,5,10
CS-106L,10
CS-31N,12
CS-331,3,4,2
CS-106B,10,4
CS-202,13
CS-236,2,3,4
CS-198,13
CS-105,13
CS-170,0
CS-194W,10
CS-274,5,4
CS-193Q,10
CS-337,5,3
CS-107,9,10
CS-244,9